%YAML:1.0
---
Camera Count: 2
Number of points are visible in each camera frame: 152
Rotation Matrices:
   - !!opencv-matrix
      rows: 3
      cols: 3
      dt: d
      data: [ 1., 0., 0., 0., 1., 0., 0., 0., 1. ]
   - !!opencv-matrix
      rows: 3
      cols: 3
      dt: d
      data: [ 9.9346892126687658e-01, -8.9733710069268988e-02,
          7.0479527197849681e-02, 8.8490633599264623e-02,
          9.9586454314601858e-01, 2.0572298602052275e-02,
          -7.2034090832248918e-02, -1.4201161282646903e-02,
          9.9730106626644854e-01 ]
Translation vectors:
   - !!opencv-matrix
      rows: 3
      cols: 1
      dt: d
      data: [ 0., 0., 0. ]
   - !!opencv-matrix
      rows: 3
      cols: 1
      dt: d
      data: [ -9.9021000404152426e-01, -8.6821781976470058e-02,
          -1.0929833516808289e-01 ]
Points:
   - [ -5.3526228293776512e-03, -1.5899896621704102e-02,
       -5.6869649887084961e-01 ]
   - [ 7.2734886780381203e-03, 1.8668519333004951e-02,
       -5.4323732852935791e-01 ]
   - [ -2.2029690444469452e-02, -3.1221132725477219e-02,
       -6.9340264797210693e-01 ]
   - [ -1.5939613804221153e-02, -2.1834636107087135e-02,
       -6.4428234100341797e-01 ]
   - [ -4.2420156300067902e-02, -7.9670704901218414e-02,
       -6.4168965816497803e-01 ]
   - [ -2.1781409159302711e-02, -7.3142494075000286e-03,
       -6.4219719171524048e-01 ]
   - [ -1.9003286957740784e-02, -2.7032215148210526e-02,
       -6.8171674013137817e-01 ]
   - [ -2.6453221216797829e-02, -8.2168140215799212e-04,
       -7.1335703134536743e-01 ]
   - [ -1.6927424818277359e-02, -2.6307571679353714e-02,
       -6.6976732015609741e-01 ]
   - [ -3.0616305768489838e-02, -5.7531230151653290e-02,
       -6.8295395374298096e-01 ]
   - [ -2.1765025332570076e-02, -3.5773154348134995e-02,
       -6.9815051555633545e-01 ]
   - [ -2.7379982173442841e-02, 3.2117245718836784e-03,
       -7.0890355110168457e-01 ]
   - [ -1.9449999555945396e-02, -2.2923226933926344e-03,
       -6.4264929294586182e-01 ]
   - [ -1.6738021746277809e-02, -1.8082691356539726e-02,
       -6.9543415307998657e-01 ]
   - [ -1.7708033323287964e-02, -1.2464426457881927e-02,
       -6.2406790256500244e-01 ]
   - [ -3.2900527119636536e-02, -5.1531068980693817e-02,
       -7.0421969890594482e-01 ]
   - [ -3.7054154090583324e-03, -1.7145020887255669e-02,
       -5.7381331920623779e-01 ]
   - [ -2.2411663085222244e-02, 1.8109675496816635e-02,
       -7.2082698345184326e-01 ]
   - [ -2.1337805315852165e-02, -2.9091030359268188e-02,
       -6.9127917289733887e-01 ]
   - [ -2.7006652206182480e-02, 3.2230350188910961e-03,
       -7.1132141351699829e-01 ]
   - [ -2.2321362048387527e-02, -1.0882361792027950e-02,
       -6.4578342437744141e-01 ]
   - [ -1.5462810173630714e-02, -2.7893591672182083e-02,
       -6.7482000589370728e-01 ]
   - [ -2.2565206512808800e-02, 5.3136912174522877e-04,
       -6.8095594644546509e-01 ]
   - [ -2.0946955308318138e-02, -2.6047756895422935e-02,
       -7.0719659328460693e-01 ]
   - [ -1.3463877141475677e-02, -3.3916190266609192e-02,
       -6.2006837129592896e-01 ]
   - [ -2.6904655620455742e-02, -6.3428195426240563e-04,
       -7.1464121341705322e-01 ]
   - [ -9.2494357377290726e-03, -1.1719645000994205e-02,
       -5.7810056209564209e-01 ]
   - [ -1.5879331156611443e-02, 2.9536176472902298e-02,
       -6.3579094409942627e-01 ]
   - [ -2.3106673732399940e-02, -3.6060534417629242e-02,
       -6.9817525148391724e-01 ]
   - [ -4.0912076830863953e-02, -7.6644971966743469e-02,
       -6.5019696950912476e-01 ]
   - [ -2.5925476104021072e-02, -2.2864216007292271e-03,
       -7.1426451206207275e-01 ]
   - [ -2.6875985786318779e-02, 5.7046608999371529e-03,
       -7.1736073493957520e-01 ]
   - [ -2.4916661903262138e-02, 1.4104038476943970e-02,
       -7.1544903516769409e-01 ]
   - [ -3.8648869842290878e-02, -6.6588222980499268e-02,
       -6.7057800292968750e-01 ]
   - [ -2.3897461593151093e-02, 1.4548918232321739e-02,
       -7.2123831510543823e-01 ]
   - [ -1.8730970099568367e-02, -5.8989739045500755e-03,
       -6.0396093130111694e-01 ]
   - [ -5.8863665908575058e-03, -7.3752393946051598e-03,
       -5.7805818319320679e-01 ]
   - [ -2.6507243514060974e-02, -3.7972804158926010e-02,
       -7.1131318807601929e-01 ]
   - [ -1.4958745799958706e-02, -9.7584947943687439e-03,
       -5.9226441383361816e-01 ]
   - [ -1.9155375659465790e-02, -1.9193297252058983e-02,
       -6.8016672134399414e-01 ]
   - [ -1.7696628347039223e-02, -3.1291788909584284e-03,
       -5.9986120462417603e-01 ]
   - [ -2.2339297458529472e-02, -1.1767563410103321e-02,
       -6.4663487672805786e-01 ]
   - [ -1.8879428505897522e-02, 2.4141149595379829e-02,
       -6.4258104562759399e-01 ]
   - [ -2.4514818564057350e-02, 1.3157573994249105e-03,
       -7.0437395572662354e-01 ]
   - [ -2.9768671840429306e-02, -4.9244336783885956e-02,
       -7.2272890806198120e-01 ]
   - [ -1.8430717289447784e-02, -1.7905898392200470e-02,
       -6.8027639389038086e-01 ]
   - [ -2.1900545805692673e-02, -1.0264215059578419e-02,
       -6.4276582002639771e-01 ]
   - [ -9.8032578825950623e-03, -3.7002051249146461e-03,
       -5.7894772291183472e-01 ]
   - [ -2.6857275515794754e-02, -3.8871254771947861e-02,
       -7.1222275495529175e-01 ]
   - [ -1.7730927094817162e-02, -3.5666548646986485e-03,
       -6.2427020072937012e-01 ]
   - [ -2.3372702300548553e-02, 1.2283795513212681e-02,
       -7.2043406963348389e-01 ]
   - [ -2.2707473486661911e-02, -1.2206970714032650e-02,
       -6.3466417789459229e-01 ]
   - [ -2.5187954306602478e-02, 3.4126201644539833e-03,
       -6.9900035858154297e-01 ]
   - [ -2.7772996574640274e-02, -4.1420005261898041e-02,
       -7.1979981660842896e-01 ]
   - [ -2.2720763459801674e-02, 2.9654907993972301e-03,
       -6.8528187274932861e-01 ]
   - [ -7.9146046191453934e-03, -6.9936322979629040e-03,
       -5.7663398981094360e-01 ]
   - [ -8.8260238990187645e-03, -2.6351129636168480e-02,
       -6.0483938455581665e-01 ]
   - [ -2.5892272591590881e-02, 1.2708562426269054e-02,
       -7.1854990720748901e-01 ]
   - [ -2.0643860101699829e-02, -1.3419640250504017e-02,
       -6.5972483158111572e-01 ]
   - [ -2.1884506568312645e-02, 6.9951396435499191e-03,
       -6.7937517166137695e-01 ]
   - [ -2.2776253521442413e-02, 9.5731774345040321e-03,
       -6.1371731758117676e-01 ]
   - [ -3.6486223340034485e-02, -7.2128601372241974e-02,
       -6.4468395709991455e-01 ]
   - [ -2.0621299743652344e-02, -3.0042059719562531e-02,
       -6.9120663404464722e-01 ]
   - [ -1.8760560080409050e-02, -2.1218180656433105e-02,
       -6.8207383155822754e-01 ]
   - [ -1.6842633485794067e-02, -2.6529438793659210e-02,
       -6.3848882913589478e-01 ]
   - [ -2.0292982459068298e-02, -8.8768107816576958e-03,
       -6.3763397932052612e-01 ]
   - [ -2.2162627428770065e-02, -8.1692943349480629e-03,
       -6.5426129102706909e-01 ]
   - [ -1.9180689007043839e-02, -2.4900695309042931e-02,
       -6.8338322639465332e-01 ]
   - [ -1.9162930548191071e-02, -2.2110151126980782e-02,
       -6.8162626028060913e-01 ]
   - [ -2.0043652504682541e-02, -1.5698559582233429e-02,
       -6.3650786876678467e-01 ]
   - [ -8.3774356171488762e-03, -2.4291861802339554e-02,
       -5.7936483621597290e-01 ]
   - [ -1.7372027039527893e-02, -2.5822862982749939e-02,
       -6.6026467084884644e-01 ]
   - [ -2.3230908438563347e-02, 3.0814968049526215e-03,
       -6.8763571977615356e-01 ]
   - [ -2.2567229345440865e-02, -1.2856040149927139e-02,
       -6.4806091785430908e-01 ]
   - [ -3.0835829675197601e-02, -4.3882165104150772e-02,
       -7.1407651901245117e-01 ]
   - [ -1.6329718753695488e-02, -3.1676217913627625e-02,
       -6.7385268211364746e-01 ]
   - [ -2.8945058584213257e-02, -4.4138010591268539e-02,
       -7.2037392854690552e-01 ]
   - [ 8.0228121951222420e-03, 2.1066023036837578e-02,
       -5.3945779800415039e-01 ]
   - [ -2.4017365649342537e-02, -6.6821812652051449e-03,
       -6.5153944492340088e-01 ]
   - [ -2.2514335811138153e-02, -3.1986445188522339e-02,
