%YAML:1.0
---
Camera Count: 2
Number of points are visible in each camera frame: 102
Rotation Matrices:
   - !!opencv-matrix
      rows: 3
      cols: 3
      dt: d
      data: [ 1., 0., 0., 0., 1., 0., 0., 0., 1. ]
   - !!opencv-matrix
      rows: 3
      cols: 3
      dt: d
      data: [ 9.7757658338506548e-01, -1.3210149127575477e-01,
          1.6399152301233061e-01, 1.3122280561872071e-01,
          9.9122006484128911e-01, 1.6228319123744939e-02,
          -1.6469547323084968e-01, 5.6550029842919675e-03,
          9.8632825268189195e-01 ]
Translation vectors:
   - !!opencv-matrix
      rows: 3
      cols: 1
      dt: d
      data: [ 0., 0., 0. ]
   - !!opencv-matrix
      rows: 3
      cols: 1
      dt: d
      data: [ -9.9344395174062650e-01, -8.9804850691902666e-02,
          7.0740395405827883e-02 ]
Points:
   - [ -1.9203422591090202e-02, -2.9982119798660278e-02,
       -6.8826335668563843e-01 ]
   - [ 6.0914973728358746e-03, 1.5916509553790092e-02,
       -5.3944361209869385e-01 ]
   - [ -1.9146407023072243e-02, -2.4219896644353867e-02,
       -6.7830598354339600e-01 ]
   - [ -1.6757633537054062e-02, -1.7402030527591705e-02,
       -6.1308157444000244e-01 ]
   - [ 1.0248355101794004e-03, -5.9458003379404545e-03,
       -5.9217232465744019e-01 ]
   - [ -1.5796393156051636e-02, -2.3931631818413734e-02,
       -6.5814864635467529e-01 ]
   - [ -2.0523674786090851e-02, 1.4637595042586327e-02,
       -7.1661037206649780e-01 ]
   - [ -2.5719154626131058e-02, -4.1876964271068573e-02,
       -7.0151525735855103e-01 ]
   - [ -1.8980005988851190e-03, -1.0520797222852707e-02,
       -5.6571274995803833e-01 ]
   - [ -2.1330332383513451e-02, -1.1461333371698856e-02,
       -6.3953489065170288e-01 ]
   - [ -2.1823916584253311e-02, -1.2834344059228897e-02,
       -6.4019256830215454e-01 ]
   - [ -1.8271807581186295e-02, -1.5638578683137894e-02,
       -6.3702327013015747e-01 ]
   - [ -1.5900166705250740e-02, -2.8317786753177643e-02,
       -6.6342109441757202e-01 ]
   - [ -1.4317212626338005e-02, 1.7102830111980438e-02,
       -7.2099310159683228e-01 ]
   - [ -5.7615162804722786e-03, -1.2866846285760403e-02,
       -5.7457572221755981e-01 ]
   - [ -4.0537018328905106e-02, -7.6070733368396759e-02,
       -6.5187525749206543e-01 ]
   - [ -2.2764837369322777e-02, -1.0766601189970970e-02,
       -6.4724141359329224e-01 ]
   - [ -1.8737111240625381e-02, -2.7313850820064545e-02,
       -6.8613845109939575e-01 ]
   - [ -2.2668732330203056e-02, -1.0727458633482456e-02,
       -6.4717537164688110e-01 ]
   - [ -2.3020505905151367e-02, 2.9235142283141613e-03,
       -6.8816220760345459e-01 ]
   - [ -1.7431179061532021e-02, -6.6619510762393475e-03,
       -6.0072302818298340e-01 ]
   - [ -3.6417856812477112e-02, -6.9355875253677368e-02,
       -6.7694658041000366e-01 ]
   - [ -4.1555822826921940e-04, 1.3000508770346642e-02,
       -5.5545699596405029e-01 ]
   - [ -1.7611699178814888e-02, -6.3024689443409443e-03,
       -5.9863156080245972e-01 ]
   - [ -1.5388264320790768e-02, -4.9668513238430023e-03,
       -5.8781611919403076e-01 ]
   - [ -2.2404760122299194e-02, -1.2799733085557818e-03,
       -6.8983370065689087e-01 ]
   - [ -2.6571039110422134e-02, -4.7652699053287506e-02,
       -7.2485619783401489e-01 ]
   - [ -2.0654477179050446e-02, -2.6782633736729622e-02,
       -6.8314212560653687e-01 ]
   - [ -2.4973301216959953e-02, -3.8624813896603882e-04,
       -7.0537871122360229e-01 ]
   - [ -1.7882285639643669e-02, -1.1278156191110611e-02,
       -6.2162983417510986e-01 ]
   - [ -2.5844335556030273e-02, -2.2690461482852697e-03,
       -7.0764303207397461e-01 ]
   - [ -2.1175576373934746e-02, -2.6490973308682442e-02,
       -7.0550107955932617e-01 ]
   - [ -2.2733431309461594e-02, -7.0757581852376461e-04,
       -6.8859112262725830e-01 ]
   - [ -2.0380331203341484e-02, -1.6188833862543106e-02,
       -6.4769220352172852e-01 ]
   - [ -1.8955169245600700e-02, -1.9427444785833359e-02,
       -6.8034064769744873e-01 ]
   - [ -2.3894203826785088e-02, -3.5101859830319881e-03,
       -7.0862376689910889e-01 ]
   - [ -2.2612066939473152e-02, -2.7002757415175438e-02,
       -7.0465183258056641e-01 ]
   - [ -1.9402809441089630e-02, -1.9939751364290714e-03,
       -5.9278351068496704e-01 ]
   - [ -2.2893384099006653e-02, -1.1212293989956379e-02,
       -6.5574467182159424e-01 ]
   - [ -2.0281264558434486e-02, -1.5396384522318840e-02,
       -6.4624339342117310e-01 ]
   - [ -2.5889968499541283e-02, 9.8627135157585144e-03,
       -7.1351915597915649e-01 ]
   - [ -2.4944489821791649e-02, -3.5927735269069672e-02,
       -7.0599609613418579e-01 ]
   - [ -2.5339957326650620e-02, 6.9090137258172035e-03,
       -6.2154501676559448e-01 ]
   - [ -3.5522382706403732e-02, -6.4919881522655487e-02,
       -6.9597101211547852e-01 ]
   - [ -3.7575379014015198e-02, -6.5880313515663147e-02,
       -6.8496644496917725e-01 ]
   - [ -1.9278617575764656e-02, -1.7431868240237236e-02,
       -6.6415905952453613e-01 ]
   - [ -1.0021792724728584e-02, -1.7113720998167992e-02,
       -5.9551954269409180e-01 ]
   - [ -1.9348517060279846e-02, -1.4612429775297642e-02,
       -6.3551753759384155e-01 ]
   - [ -1.9552588462829590e-02, -5.3029218688607216e-03,
       -6.0092407464981079e-01 ]
   - [ -2.8275873512029648e-02, 6.9148894399404526e-03,
       -7.1549808979034424e-01 ]
   - [ -2.1385117433965206e-03, 1.5703963115811348e-02,
       -5.5140995979309082e-01 ]
   - [ 2.0433939062058926e-03, 1.2293540872633457e-02,
       -5.4055231809616089e-01 ]
   - [ -2.1841993555426598e-02, -2.9350996017456055e-02,
       -7.0376467704772949e-01 ]
   - [ -2.4718007072806358e-02, 1.2462944723665714e-03,
       -6.9385242462158203e-01 ]
   - [ -3.3354509621858597e-02, -6.4049363136291504e-02,
       -6.7419797182083130e-01 ]
   - [ -1.9065005704760551e-02, -8.4262955933809280e-03,
       -6.2247663736343384e-01 ]
   - [ -1.6684781759977341e-02, -8.8383806869387627e-03,
       -5.9929704666137695e-01 ]
   - [ -3.1518075615167618e-02, -3.5070240497589111e-02,
       -7.2332227230072021e-01 ]
   - [ -2.4187948554754257e-02, -8.0200089141726494e-03,
       -6.5196377038955688e-01 ]
   - [ -1.7693784087896347e-02, -1.3758316636085510e-02,
       -6.1875402927398682e-01 ]
   - [ -2.0659409463405609e-02, -1.3207187876105309e-02,
       -6.5038883686065674e-01 ]
   - [ -1.6032764688134193e-02, -1.4317025430500507e-02,
       -6.1913824081420898e-01 ]
   - [ -1.7251081764698029e-02, -8.4406416863203049e-03,
       -6.0303848981857300e-01 ]
   - [ -2.4961393326520920e-02, 1.4910392928868532e-03,
       -6.9989889860153198e-01 ]
   - [ -1.0249089449644089e-02, -6.4155347645282745e-03,
       -5.7985222339630127e-01 ]
   - [ -2.8048591688275337e-02, -5.6824252009391785e-02,
       -7.1881991624832153e-01 ]
   - [ -2.6875756680965424e-02, -5.7437211275100708e-02,
       -7.0593488216400146e-01 ]
   - [ -2.5109654292464256e-02, 2.0561928395181894e-03,
       -6.9927662611007690e-01 ]
   - [ -2.8020516037940979e-02, -5.7791035622358322e-02,
       -7.0473021268844604e-01 ]
   - [ -1.7538839951157570e-02, -1.7357461154460907e-02,
       -6.3462865352630615e-01 ]
   - [ 4.3536336161196232e-03, 6.7209172993898392e-03,
       -5.4788744449615479e-01 ]
   - [ -1.9611921161413193e-02, -1.8497960641980171e-02,
       -6.6572588682174683e-01 ]
   - [ -3.1337920576334000e-02, -5.8860488235950470e-02,
       -7.0250862836837769e-01 ]
   - [ -5.5642720311880112e-02, -4.4767264276742935e-02,
       -7.2143417596817017e-01 ]
   - [ -2.1611183881759644e-02, -1.6433922573924065e-02,
       -6.4286714792251587e-01 ]
   - [ -2.3361468687653542e-02, -2.5374411052325740e-05,
       -6.4820504188537598e-01 ]
   - [ -2.0197957754135132e-02, -1.6853872686624527e-02,
       -6.5401214361190796e-01 ]
   - [ -1.8789162859320641e-02, 1.6571938991546631e-02,
       -6.4053773880004883e-01 ]
   - [ -1.7474016174674034e-02, -9.0285232290625572e-03,
       -6.0665446519851685e-01 ]
   - [ -2.3060830309987068e-02, 1.8344324780628085e-03,
